0 0
0 3
0 6
0 7
0 8
0 9
0 10
0 11
0 13
0 14
0 18
0 21
0 22
0 27
0 29
0 30
0 31
0 41
0 44
0 46
0 47
0 49
0 51
0 54
0 55
0 56
0 57
0 58
0 59
0 60
0 63
0 64
0 68
0 69
0 70
0 74
0 78
0 80
0 81
0 82
0 85
0 86
0 87
0 88
0 90
0 91
0 92
0 94
0 95
0 96
0 97
0 98
0 99
0 112
0 113
0 114
0 115
0 116
0 118
0 123
0 125
0 126
0 127
0 128
0 130
0 131
0 132
0 133
0 134
0 135
0 136
0 142
0 143
0 149
0 150
0 151
0 152
0 153
0 155
0 156
0 164
0 165
0 167
0 168
0 169
0 170
0 171
0 172
0 173
0 174
0 175
0 176
0 177
0 178
0 179
0 180
0 181
0 182
0 184
0 185
0 186
0 187
0 188
0 189
0 190
0 191
0 192
0 193
0 194
0 195
0 196
0 197
0 198
0 199
0 201
0 202
0 203
0 204
0 206
0 207
0 208
0 209
0 210
0 211
0 212
0 214
0 215
0 220
0 221
0 222
0 223
0 227
0 233
0 235
0 236
0 237
0 240
0 241
0 245
0 247
0 250
0 255
0 256
0 257
0 261
0 264
0 267
0 268
0 269
0 271
0 274
0 275
0 281
0 282
0 284
0 285
0 286
0 291
0 292
0 296
0 297
0 299
0 301
0 302
0 304
0 305
0 309
0 310
0 312
0 314
0 315
0 316
0 317
0 319
0 332
0 339
0 343
0 345
0 346
0 356
0 377
0 384
0 391
0 403
0 407
0 418
0 419
0 420
0 422
0 424
0 426
0 427
0 428
0 429
0 430
0 431
0 432
0 433
0 434
0 442
0 444
0 458
0 461
0 462
0 464
0 466
0 468
0 469
0 470
0 473
0 474
0 477
0 478
0 479
0 480
0 481
0 482
0 483
0 484
0 485
0 486
0 487
0 488
0 489
0 490
0 491
0 492
0 493
0 495
0 496
0 497
0 498
0 499
0 501
0 502
0 503
0 504
0 505
0 506
0 507
0 508
0 509
0 510
0 511
0 512
0 513
0 514
0 515
0 516
0 517
0 518
0 519
0 520
0 521
0 522
0 523
0 524
0 525
0 526
0 527
0 528
0 529
0 530
0 532
0 536
0 542
0 557
0 567
0 579
0 581
0 587
0 588
0 598
0 600
0 601
0 602
0 603
0 605
0 606
0 607
0 609
0 610
0 611
0 612
0 613
0 614
0 615
0 616
0 630
0 631
0 632
0 633
0 637
0 638
0 640
0 643
0 644
0 645
0 646
0 647
0 650
0 651
0 652
0 653
0 654
0 655
0 656
0 658
0 659
0 660
0 662
0 670
0 674
0 683
0 685
0 691
0 692
0 693
0 698
0 700
0 704
0 706
0 708
0 710
0 712
0 717
0 731
0 734
0 735
0 741
0 744
0 745
0 749
0 752
0 788
0 791
0 793
0 804
0 810
0 812
0 813
0 829
0 834
0 835
0 836
0 838
0 843
0 846
0 849
0 850
0 851
0 852
0 854
0 855
0 856
0 862
0 864
0 866
0 886
0 887
0 895
0 899
0 901
0 908
0 912
0 914
0 918
0 920
0 921
0 922
0 935
0 938
0 944
0 953
0 955
0 957
0 958
0 962
0 964
0 965
0 967
0 968
0 970
0 992
0 1004
0 1006
0 1018
0 1019
0 1020
0 1038
0 1049
0 1061
0 1062
0 1063
0 1069
0 1072
0 1079
0 1083
0 1097
0 1100
0 1102
0 1108
0 1115
0 1118
0 1120
0 1121
0 1122
0 1123
0 1124
0 1129
0 1130
0 1136
0 1141
0 1142
0 1148
0 1155
0 1157
0 1159
0 1166
0 1168
0 1171
0 1188
0 1190
0 1192
0 1193
0 1200
0 1201
0 1202
0 1203
0 1234
0 1235
0 1239
0 1242
0 1250
0 1261
0 1268
0 1277
0 1292
0 1300
0 1308
0 1309
0 1319
0 1341
0 1342
0 1343
0 1347
0 1363
0 1366
0 1367
0 1372
0 1374
0 1376
0 1387
0 1395
0 1397
0 1427
0 1448
0 1450
0 1451
0 1456
0 1457
0 1465
0 1466
0 1481
0 1491
0 1492
0 1496
0 1497
0 1499
0 1502
0 1504
0 1505
0 1511
0 1514
0 1515
0 1518
0 1519
0 1523
0 1524
0 1525
0 1530
0 1532
0 1535
0 1536
0 1542
0 1556
0 1560
0 1561
0 1562
0 1564
0 1581
0 1585
0 1592
0 1593
0 1598
0 1599
0 1603
0 1611
0 1612
0 1615
0 1622
0 1624
0 1628
0 1635
0 1638
0 1641
0 1644
0 1649
0 1650
0 1652
0 1673
1 1
1 4
1 12
1 15
1 23
1 24
1 25
1 26
1 33
1 37
1 39
1 42
1 43
1 45
1 48
1 53
1 61
1 62
1 65
1 66
1 67
1 71
1 72
1 75
1 76
1 84
1 101
1 102
1 106
1 107
1 108
1 110
1 122
1 124
1 138
1 139
1 140
1 141
1 145
1 147
1 158
1 159
1 160
1 161
1 162
1 163
1 166
1 183
1 205
1 213
1 216
1 217
1 219
1 224
1 225
1 226
1 228
1 229
1 231
1 232
1 238
1 243
1 244
1 249
1 251
1 254
1 263
1 266
1 272
1 273
1 276
1 278
1 280
1 283
1 287
1 289
1 290
1 293
1 294
1 295
1 300
1 303
1 306
1 318
1 320
1 321
1 325
1 326
1 327
1 328
1 330
1 331
1 333
1 334
1 338
1 347
1 353
1 355
1 363
1 365
1 366
1 371
1 372
1 375
1 379
1 380
1 381
1 386
1 388
1 389
1 392
1 393
1 394
1 396
1 398
1 399
1 400
1 401
1 402
1 404
1 410
1 413
1 414
1 415
1 417
1 421
1 425
1 435
1 446
1 447
1 453
1 454
1 457
1 460
1 465
1 467
1 471
1 472
1 475
1 494
1 500
1 531
1 533
1 534
1 537
1 539
1 540
1 543
1 545
1 548
1 549
1 553
1 558
1 559
1 560
1 564
1 565
1 569
1 570
1 572
1 575
1 577
1 578
1 582
1 583
1 586
1 590
1 591
1 594
1 595
1 596
1 604
1 608
1 617
1 618
1 619
1 621
1 622
1 624
1 626
1 627
1 628
1 629
1 635
1 636
1 641
1 648
1 657
1 661
1 663
1 672
1 673
1 675
1 676
1 678
1 684
1 689
1 690
1 695
1 702
1 703
1 705
1 707
1 709
1 711
1 713
1 714
1 716
1 721
1 723
1 724
1 727
1 728
1 729
1 730
1 732
1 733
1 736
1 737
1 740
1 743
1 746
1 748
1 750
1 751
1 753
1 754
1 755
1 756
1 761
1 763
1 764
1 765
1 767
1 769
1 770
1 771
1 772
1 777
1 778
1 780
1 782
1 784
1 786
1 789
1 795
1 796
1 798
1 800
1 802
1 803
1 805
1 808
1 809
1 811
1 814
1 818
1 819
1 821
1 822
1 823
1 826
1 827
1 844
1 847
1 858
1 863
1 869
1 872
1 873
1 878
1 879
1 881
1 882
1 885
1 888
1 902
1 904
1 906
1 911
1 916
1 917
1 923
1 924
1 926
1 927
1 928
1 931
1 932
1 933
1 934
1 936
1 937
1 941
1 942
1 948
1 949
1 950
1 963
1 966
1 969
1 971
1 974
1 978
1 979
1 984
1 986
1 994
1 995
1 999
1 1003
1 1007
1 1010
1 1011
1 1013
1 1015
1 1016
1 1017
1 1026
1 1031
1 1034
1 1040
1 1041
1 1042
1 1043
1 1044
1 1045
1 1046
1 1047
1 1048
1 1050
1 1052
1 1053
1 1054
1 1055
1 1057
1 1067
1 1070
1 1073
1 1074
1 1076
1 1080
1 1081
1 1085
1 1090
1 1091
1 1095
1 1099
1 1101
1 1106
1 1110
1 1111
1 1112
1 1114
1 1116
1 1117
1 1119
1 1127
1 1132
1 1133
1 1135
1 1140
1 1143
1 1146
1 1147
1 1150
1 1152
1 1160
1 1167
1 1169
1 1170
1 1173
1 1185
1 1186
1 1189
1 1195
1 1196
1 1197
1 1199
1 1204
1 1207
1 1210
1 1217
1 1218
1 1220
1 1222
1 1223
1 1224
1 1225
1 1236
1 1240
1 1243
1 1244
1 1247
1 1248
1 1251
1 1262
1 1263
1 1264
1 1266
1 1269
1 1271
1 1278
1 1280
1 1281
1 1283
1 1284
1 1287
1 1294
1 1298
1 1304
1 1311
1 1312
1 1314
1 1322
1 1325
1 1329
1 1330
1 1331
1 1332
1 1336
1 1337
1 1352
1 1355
1 1360
1 1361
1 1368
1 1369
1 1378
1 1380
1 1384
1 1385
1 1389
1 1399
1 1400
1 1402
1 1405
1 1408
1 1417
1 1420
1 1423
1 1429
1 1434
1 1439
1 1440
1 1443
1 1444
1 1445
1 1446
1 1447
1 1449
1 1453
1 1454
1 1455
1 1459
1 1461
1 1467
1 1468
1 1472
1 1473
1 1476
1 1477
1 1482
1 1484
1 1486
1 1487
1 1489
1 1494
1 1500
1 1503
1 1506
1 1507
1 1509
1 1510
1 1516
1 1517
1 1520
1 1521
1 1534
1 1537
1 1540
1 1543
1 1549
1 1552
1 1554
1 1577
1 1596
1 1601
1 1602
1 1610
1 1613
1 1614
1 1618
1 1619
1 1626
1 1629
1 1630
1 1631
1 1632
1 1634
1 1636
1 1637
1 1639
1 1640
1 1645
1 1646
1 1648
1 1656
1 1657
1 1663
1 1666
1 1667
1 1669
1 1672
1 1674
1 1676
1 1678
1 1680
1 1681
2 2
2 5
2 16
2 17
2 19
2 20
2 28
2 32
2 34
2 35
2 36
2 38
2 40
2 50
2 52
2 73
2 77
2 79
2 83
2 89
2 93
2 100
2 103
2 104
2 105
2 109
2 111
2 117
2 119
2 120
2 121
2 129
2 137
2 144
2 146
2 148
2 154
2 157
2 200
2 218
2 230
2 234
2 239
2 242
2 246
2 248
2 252
2 253
2 258
2 259
2 260
2 262
2 265
2 270
2 277
2 279
2 288
2 298
2 307
2 308
2 311
2 313
2 322
2 323
2 324
2 329
2 335
2 336
2 337
2 340
2 341
2 342
2 344
2 348
2 349
2 350
2 351
2 352
2 354
2 357
2 358
2 359
2 360
2 361
2 362
2 364
2 367
2 368
2 369
2 370
2 373
2 374
2 376
2 378
2 382
2 383
2 385
2 387
2 390
2 395
2 397
2 405
2 406
2 408
2 409
2 411
2 412
2 416
2 423
2 436
2 437
2 438
2 439
2 440
2 441
2 443
2 445
2 448
2 449
2 450
2 451
2 452
2 455
2 456
2 459
2 463
2 476
2 535
2 538
2 541
2 544
2 546
2 547
2 550
2 551
2 552
2 554
2 555
2 556
2 561
2 562
2 563
2 566
2 568
2 571
2 573
2 574
2 576
2 580
2 584
2 585
2 589
2 592
2 593
2 597
2 599
2 620
2 623
2 625
2 634
2 639
2 642
2 649
2 664
2 665
2 666
2 667
2 668
2 669
2 671
2 677
2 679
2 680
2 681
2 682
2 686
2 687
2 688
2 694
2 696
2 697
2 699
2 701
2 715
2 718
2 719
2 720
2 722
2 725
2 726
2 738
2 739
2 742
2 747
2 757
2 758
2 759
2 760
2 762
2 766
2 768
2 773
2 774
2 775
2 776
2 779
2 781
2 783
2 785
2 787
2 790
2 792
2 794
2 797
2 799
2 801
2 806
2 807
2 815
2 816
2 817
2 820
2 824
2 825
2 828
2 830
2 831
2 832
2 833
2 837
2 839
2 840
2 841
2 842
2 845
2 848
2 853
2 857
2 859
2 860
2 861
2 865
2 867
2 868
2 870
2 871
2 874
2 875
2 876
2 877
2 880
2 883
2 884
2 889
2 890
2 891
2 892
2 893
2 894
2 896
2 897
2 898
2 900
2 903
2 905
2 907
2 909
2 910
2 913
2 915
2 919
2 925
2 929
2 930
2 939
2 940
2 943
2 945
2 946
2 947
2 951
2 952
2 954
2 956
2 959
2 960
2 961
2 972
2 973
2 975
2 976
2 977
2 980
2 981
2 982
2 983
2 985
2 987
2 988
2 989
2 990
2 991
2 993
2 996
2 997
2 998
2 1000
2 1001
2 1002
2 1005
2 1008
2 1009
2 1012
2 1014
2 1021
2 1022
2 1023
2 1024
2 1025
2 1027
2 1028
2 1029
2 1030
2 1032
2 1033
2 1035
2 1036
2 1037
2 1039
2 1051
2 1056
2 1058
2 1059
2 1060
2 1064
2 1065
2 1066
2 1068
2 1071
2 1075
2 1077
2 1078
2 1082
2 1084
2 1086
2 1087
2 1088
2 1089
2 1092
2 1093
2 1094
2 1096
2 1098
2 1103
2 1104
2 1105
2 1107
2 1109
2 1113
2 1125
2 1126
2 1128
2 1131
2 1134
2 1137
2 1138
2 1139
2 1144
2 1145
2 1149
2 1151
2 1153
2 1154
2 1156
2 1158
2 1161
2 1162
2 1163
2 1164
2 1165
2 1172
2 1174
2 1175
2 1176
2 1177
2 1178
2 1179
2 1180
2 1181
2 1182
2 1183
2 1184
2 1187
2 1191
2 1194
2 1198
2 1205
2 1206
2 1208
2 1209
2 1211
2 1212
2 1213
2 1214
2 1215
2 1216
2 1219
2 1221
2 1226
2 1227
2 1228
2 1229
2 1230
2 1231
2 1232
2 1233
2 1237
2 1238
2 1241
2 1245
2 1246
2 1249
2 1252
2 1253
2 1254
2 1255
2 1256
2 1257
2 1258
2 1259
2 1260
2 1265
2 1267
2 1270
2 1272
2 1273
2 1274
2 1275
2 1276
2 1279
2 1282
2 1285
2 1286
2 1288
2 1289
2 1290
2 1291
2 1293
2 1295
2 1296
2 1297
2 1299
2 1301
2 1302
2 1303
2 1305
2 1306
2 1307
2 1310
2 1313
2 1315
2 1316
2 1317
2 1318
2 1320
2 1321
2 1323
2 1324
2 1326
2 1327
2 1328
2 1333
2 1334
2 1335
2 1338
2 1339
2 1340
2 1344
2 1345
2 1346
2 1348
2 1349
2 1350
2 1351
2 1353
2 1354
2 1356
2 1357
2 1358
2 1359
2 1362
2 1364
2 1365
2 1370
2 1371
2 1373
2 1375
2 1377
2 1379
2 1381
2 1382
2 1383
2 1386
2 1388
2 1390
2 1391
2 1392
2 1393
2 1394
2 1396
2 1398
2 1401
2 1403
2 1404
2 1406
2 1407
2 1409
2 1410
2 1411
2 1412
2 1413
2 1414
2 1415
2 1416
2 1418
2 1419
2 1421
2 1422
2 1424
2 1425
2 1426
2 1428
2 1430
2 1431
2 1432
2 1433
2 1435
2 1436
2 1437
2 1438
2 1441
2 1442
2 1452
2 1458
2 1460
2 1462
2 1463
2 1464
2 1469
2 1470
2 1471
2 1474
2 1475
2 1478
2 1479
2 1480
2 1483
2 1485
2 1488
2 1490
2 1493
2 1495
2 1498
2 1501
2 1508
2 1512
2 1513
2 1522
2 1526
2 1527
2 1528
2 1529
2 1531
2 1533
2 1538
2 1539
2 1541
2 1544
2 1545
2 1546
2 1547
2 1548
2 1550
2 1551
2 1553
2 1555
2 1557
2 1558
2 1559
2 1563
2 1565
2 1566
2 1567
2 1568
2 1569
2 1570
2 1571
2 1572
2 1573
2 1574
2 1575
2 1576
2 1578
2 1579
2 1580
2 1582
2 1583
2 1584
2 1586
2 1587
2 1588
2 1589
2 1590
2 1591
2 1594
2 1595
2 1597
2 1600
2 1604
2 1605
2 1606
2 1607
2 1608
2 1609
2 1616
2 1617
2 1620
2 1621
2 1623
2 1625
2 1627
2 1633
2 1642
2 1643
2 1647
2 1651
2 1653
2 1654
2 1655
2 1658
2 1659
2 1660
2 1661
2 1662
2 1664
2 1665
2 1668
2 1670
2 1671
2 1675
2 1677
2 1679
