0 0
0 3
0 6
0 7
0 8
0 13
0 15
0 21
0 23
0 33
0 35
0 37
0 38
0 47
0 49
0 50
0 51
0 57
0 58
0 67
0 68
0 72
0 76
0 77
0 78
0 79
0 85
0 87
0 88
0 89
0 90
0 95
0 96
0 97
0 108
0 112
0 114
0 117
0 118
0 120
0 121
0 122
0 124
0 125
0 126
0 129
0 130
0 135
0 136
0 140
0 141
0 144
0 145
0 146
0 147
0 150
0 151
0 152
0 153
0 156
0 157
0 158
0 163
0 165
0 166
0 167
0 168
0 172
0 173
0 174
0 179
0 181
0 186
0 188
0 198
0 203
0 211
0 212
0 215
0 218
0 224
0 229
0 232
0 238
0 239
0 241
0 248
0 249
0 251
0 255
0 256
0 257
0 259
0 260
0 262
0 263
0 264
0 266
0 269
0 271
0 273
0 277
0 280
0 285
0 286
0 287
0 294
0 295
0 297
0 299
0 302
0 309
0 311
0 323
0 329
0 330
0 331
0 334
0 336
0 337
0 338
0 339
0 340
0 341
0 342
0 343
0 346
0 349
0 350
0 351
0 356
0 357
0 358
0 361
0 365
0 368
0 370
0 373
0 376
0 378
0 380
0 381
0 382
0 387
0 389
0 391
0 394
0 396
0 401
0 402
0 407
0 408
0 413
0 414
0 415
0 418
0 419
0 420
0 423
0 426
0 431
0 432
0 433
0 436
0 437
0 439
0 442
0 443
0 447
0 448
0 451
0 456
0 461
0 465
0 468
0 470
0 471
0 474
0 476
0 477
0 483
0 486
0 488
0 490
0 492
0 493
0 494
0 498
0 502
0 506
0 510
0 511
0 512
0 517
0 518
0 519
0 521
0 522
0 527
0 530
0 531
0 535
0 545
0 547
0 549
0 550
0 552
0 555
0 556
0 557
0 561
0 562
0 564
0 566
0 573
0 579
0 580
0 582
0 587
0 588
0 589
0 591
0 596
0 598
0 602
0 604
0 607
0 610
0 612
0 614
0 618
0 619
0 627
0 628
0 635
0 639
0 641
0 650
0 666
0 669
0 670
0 674
0 675
0 676
0 680
0 685
0 687
0 688
0 690
0 695
0 696
0 703
0 704
0 715
0 716
0 730
0 731
0 736
0 738
0 742
0 746
0 752
0 757
0 758
0 761
0 764
0 766
0 769
0 770
0 775
0 776
0 779
0 780
0 790
0 793
0 800
0 807
0 808
0 809
0 810
0 811
0 814
0 817
0 818
0 820
0 829
0 830
0 834
0 835
0 839
0 841
0 845
0 847
0 848
0 849
0 856
0 860
0 861
0 866
0 874
0 875
0 881
0 883
0 886
0 889
0 890
0 896
0 900
0 901
0 902
0 906
0 908
0 912
0 916
0 926
0 927
0 931
0 938
0 941
0 942
1 1
1 5
1 9
1 10
1 11
1 17
1 18
1 22
1 24
1 27
1 28
1 29
1 30
1 31
1 32
1 36
1 40
1 41
1 42
1 43
1 44
1 45
1 46
1 52
1 54
1 55
1 56
1 59
1 63
1 64
1 65
1 66
1 69
1 70
1 71
1 73
1 80
1 83
1 84
1 86
1 93
1 94
1 98
1 102
1 105
1 107
1 110
1 111
1 113
1 116
1 119
1 123
1 127
1 131
1 133
1 134
1 137
1 138
1 139
1 142
1 143
1 149
1 155
1 159
1 161
1 164
1 169
1 170
1 175
1 176
1 177
1 183
1 184
1 187
1 190
1 199
1 207
1 209
1 213
1 214
1 217
1 219
1 220
1 225
1 230
1 231
1 234
1 236
1 242
1 243
1 244
1 246
1 250
1 252
1 258
1 270
1 272
1 275
1 276
1 279
1 281
1 282
1 283
1 284
1 289
1 290
1 291
1 293
1 296
1 298
1 300
1 303
1 306
1 307
1 308
1 310
1 312
1 313
1 314
1 316
1 317
1 318
1 319
1 320
1 321
1 322
1 324
1 327
1 332
1 333
1 344
1 347
1 353
1 354
1 355
1 359
1 360
1 366
1 369
1 371
1 372
1 374
1 375
1 377
1 383
1 385
1 388
1 390
1 392
1 393
1 397
1 399
1 405
1 406
1 410
1 411
1 412
1 421
1 422
1 425
1 427
1 428
1 429
1 435
1 438
1 440
1 446
1 449
1 454
1 455
1 457
1 458
1 459
1 463
1 464
1 466
1 467
1 469
1 472
1 473
1 475
1 478
1 479
1 480
1 481
1 487
1 491
1 500
1 503
1 504
1 505
1 507
1 513
1 515
1 523
1 526
1 528
1 529
1 532
1 533
1 534
1 537
1 538
1 539
1 540
1 541
1 542
1 544
1 546
1 548
1 553
1 554
1 558
1 559
1 563
1 565
1 568
1 570
1 572
1 575
1 576
1 578
1 583
1 584
1 590
1 592
1 593
1 595
1 597
1 599
1 601
1 605
1 606
1 609
1 615
1 620
1 622
1 623
1 624
1 631
1 632
1 633
1 637
1 640
1 642
1 643
1 644
1 646
1 648
1 653
1 657
1 658
1 660
1 661
1 662
1 663
1 664
1 665
1 667
1 672
1 673
1 677
1 678
1 679
1 683
1 686
1 693
1 699
1 700
1 702
1 706
1 708
1 709
1 710
1 711
1 713
1 717
1 719
1 720
1 721
1 724
1 727
1 733
1 737
1 739
1 740
1 741
1 743
1 745
1 747
1 748
1 750
1 753
1 756
1 762
1 763
1 765
1 771
1 774
1 778
1 782
1 783
1 784
1 785
1 788
1 792
1 795
1 798
1 799
1 801
1 803
1 805
1 806
1 815
1 816
1 822
1 824
1 825
1 828
1 833
1 837
1 840
1 843
1 850
1 851
1 854
1 857
1 858
1 863
1 869
1 870
1 871
1 873
1 876
1 878
1 879
1 882
1 887
1 888
1 891
1 892
1 893
1 894
1 897
1 898
1 903
1 904
1 905
1 907
1 910
1 911
1 915
1 918
1 921
1 922
1 923
1 928
1 930
1 933
1 934
1 935
1 936
1 939
1 940
2 2
2 4
2 12
2 14
2 16
2 19
2 20
2 25
2 26
2 34
2 39
2 48
2 53
2 60
2 61
2 62
2 74
2 75
2 81
2 82
2 91
2 92
2 99
2 100
2 101
2 103
2 104
2 106
2 109
2 115
2 128
2 132
2 148
2 154
2 160
2 162
2 171
2 178
2 180
2 182
2 185
2 189
2 191
2 192
2 193
2 194
2 195
2 196
2 197
2 200
2 201
2 202
2 204
2 205
2 206
2 208
2 210
2 216
2 221
2 222
2 223
2 226
2 227
2 228
2 233
2 235
2 237
2 240
2 245
2 247
2 253
2 254
2 261
2 265
2 267
2 268
2 274
2 278
2 288
2 292
2 301
2 304
2 305
2 315
2 325
2 326
2 328
2 335
2 345
2 348
2 352
2 362
2 363
2 364
2 367
2 379
2 384
2 386
2 395
2 398
2 400
2 403
2 404
2 409
2 416
2 417
2 424
2 430
2 434
2 441
2 444
2 445
2 450
2 452
2 453
2 460
2 462
2 482
2 484
2 485
2 489
2 495
2 496
2 497
2 499
2 501
2 508
2 509
2 514
2 516
2 520
2 524
2 525
2 536
2 543
2 551
2 560
2 567
2 569
2 571
2 574
2 577
2 581
2 585
2 586
2 594
2 600
2 603
2 608
2 611
2 613
2 616
2 617
2 621
2 625
2 626
2 629
2 630
2 634
2 636
2 638
2 645
2 647
2 649
2 651
2 652
2 654
2 655
2 656
2 659
2 668
2 671
2 681
2 682
2 684
2 689
2 691
2 692
2 694
2 697
2 698
2 701
2 705
2 707
2 712
2 714
2 718
2 722
2 723
2 725
2 726
2 728
2 729
2 732
2 734
2 735
2 744
2 749
2 751
2 754
2 755
2 759
2 760
2 767
2 768
2 772
2 773
2 777
2 781
2 786
2 787
2 789
2 791
2 794
2 796
2 797
2 802
2 804
2 812
2 813
2 819
2 821
2 823
2 826
2 827
2 831
2 832
2 836
2 838
2 842
2 844
2 846
2 852
2 853
2 855
2 859
2 862
2 864
2 865
2 867
2 868
2 872
2 877
2 880
2 884
2 885
2 895
2 899
2 909
2 913
2 914
2 917
2 919
2 920
2 924
2 925
2 929
2 932
2 937
